625400	4765840	10.03500462
626800	4765840	24.43214798
628200	4765840	85.46585083
629600	4765840	59.98788452
631000	4765840	97.10224915
632400	4765840	94.90122986
633800	4765840	-92.00695038
635200	4765840	131.7823639
636600	4765840	-62.32215881
638000	4765840	-97.17865753
639400	4765840	6.573619843
640800	4765840	150.4912109
642200	4765840	109.8054962
643600	4765840	46.80678558
645000	4765840	24.00928497
646400	4765840	-43.28148651
647800	4765840	-2.253541231
649200	4765840	47.11652756
650600	4765840	56.68817902
652000	4765840	34.99688721
653400	4765840	-42.06279373
654800	4765840	162.8839722
656200	4765840	137.9470978
657600	4765840	184.4454956
659000	4765840	57.46559906
660400	4765840	66.29270935
661800	4765840	98.97405243
663200	4765840	31.55165863
664600	4765840	0.111518145
666000	4765840	-0.924984455
667400	4765840	10.79755402
668800	4765840	126.5431976
670200	4765840	-22.57406235
671600	4765840	-25.34158707
673000	4765840	-130.8803101
674400	4765840	-86.80860138
675800	4765840	33.68738174
677200	4765840	-5.651646614
678600	4765840	82.30033875
680000	4765840	-5.071001053
681400	4765840	132.5066681
682800	4765840	7.484626293
684200	4765840	126.7893295
685600	4765840	306.287262
687000	4765840	38.96353912
688400	4765840	-34.9551506
689800	4765840	-1.68956089
691200	4765840	135.5689697
692600	4765840	28.79043198
694000	4765840	124.6112747
695400	4765840	-51.31445313
696800	4765840	63.8968277
698200	4765840	195.7279968
699600	4765840	238.4610596
701000	4765840	300.0858765
702400	4765840	347.1651001
703800	4765840	241.8890381
705200	4765840	216.2090912
706600	4765840	101.682518
708000	4765840	-12.94238186
709400	4765840	-87.36447144
710800	4765840	29.44709969
712200	4765840	188.0715942
713600	4765840	301.6317444
715000	4765840	340.2772522
716400	4765840	206.8283539
717800	4765840	66.28412628
719200	4765840	11.99224663
625400	4767240	25.69235992
626800	4767240	83.60674286
628200	4767240	181.5174255
629600	4767240	336.70578
631000	4767240	161.6695251
632400	4767240	206.8401184
633800	4767240	-230.9070892
635200	4767240	299.6832275
636600	4767240	-54.06826019
638000	4767240	-230.7943726
639400	4767240	-108.2490005
640800	4767240	272.7398071
642200	4767240	237.2406006
643600	4767240	94.90730286
645000	4767240	36.0185318
646400	4767240	-238.4199219
647800	4767240	-68.35085297
649200	4767240	118.1903
650600	4767240	100.3463287
652000	4767240	8.221159935
653400	4767240	-203.9346619
654800	4767240	304.8804321
656200	4767240	482.5933838
657600	4767240	685.6541748
659000	4767240	155.9431763
660400	4767240	177.5377655
661800	4767240	206.5041046
663200	4767240	26.84185791
664600	4767240	15.73700714
666000	4767240	-22.63042068
667400	4767240	234.5567627
668800	4767240	416.0932617
670200	4767240	-52.86833572
671600	4767240	-96.09231567
673000	4767240	-331.459259
674400	4767240	-278.8922424
675800	4767240	8.390206337
677200	4767240	-79.74794006
678600	4767240	155.3313446
680000	4767240	-76.6887207
681400	4767240	206.8411407
682800	4767240	-57.36266327
684200	4767240	221.3092957
685600	4767240	761.9682617
687000	4767240	66.10456085
688400	4767240	-199.9542847
689800	4767240	-33.7623558
691200	4767240	291.1911011
692600	4767240	75.24624634
694000	4767240	251.9262695
695400	4767240	-176.6726227
696800	4767240	139.2624207
698200	4767240	528.2243042
699600	4767240	539.2112427
701000	4767240	770.7385864
702400	4767240	817.3855591
703800	4767240	555.4476929
705200	4767240	353.8664856
706600	4767240	158.9421539
708000	4767240	-53.27970886
709400	4767240	-289.1885986
710800	4767240	-2.836351156
712200	4767240	285.2244873
713600	4767240	594.0117798
715000	4767240	741.1546631
716400	4767240	433.0785828
717800	4767240	142.2189941
719200	4767240	26.95863342
625400	4768640	32.67757416
626800	4768640	83.98621368
628200	4768640	207.7613068
629600	4768640	262.3960876
631000	4768640	163.8716736
632400	4768640	413.3354187
633800	4768640	-289.1008606
635200	4768640	394.4334412
636600	4768640	-260.76828
638000	4768640	-413.0497437
639400	4768640	-216.3412323
640800	4768640	331.2094727
642200	4768640	278.9515991
643600	4768640	129.2284088
645000	4768640	8.18637085
646400	4768640	-495.5792236
647800	4768640	-3.29681778
649200	4768640	181.1501007
650600	4768640	64.83612061
652000	4768640	50.5799675
653400	4768640	-265.881073
654800	4768640	404.5088501
656200	4768640	648.5405273
657600	4768640	951.8659058
659000	4768640	461.6166992
660400	4768640	284.3255615
661800	4768640	315.7076721
663200	4768640	151.3765106
664600	4768640	107.8239746
666000	4768640	-97.56253052
667400	4768640	290.1943054
668800	4768640	453.8840027
670200	4768640	-121.7763062
671600	4768640	-165.5663147
673000	4768640	-533.5319824
674400	4768640	-405.5969543
675800	4768640	136.6968689
677200	4768640	-216.1355896
678600	4768640	178.9243164
680000	4768640	-124.5170746
681400	4768640	201.9065094
682800	4768640	-90.6685257
684200	4768640	173.4190674
685600	4768640	756.5010376
687000	4768640	77.45349884
688400	4768640	-454.8780518
689800	4768640	-67.18890381
691200	4768640	367.0596313
692600	4768640	104.6947784
694000	4768640	227.9313202
695400	4768640	-328.8456421
696800	4768640	133.6417084
698200	4768640	349.6578064
699600	4768640	448.3834229
701000	4768640	763.8236084
702400	4768640	1232.337891
703800	4768640	675.3679199
705200	4768640	460.7456055
706600	4768640	289.3067017
708000	4768640	-1.145355225
709400	4768640	-435.5802002
710800	4768640	97.68574524
712200	4768640	629.175354
713600	4768640	881.6755981
715000	4768640	1191.276123
716400	4768640	670.6835938
717800	4768640	199.1273041
719200	4768640	38.42937088
625400	4770040	10.43312359
626800	4770040	18.39745712
628200	4770040	75.7460022
629600	4770040	-74.9247818
631000	4770040	-21.84297752
632400	4770040	44.42599487
633800	4770040	-66.63210297
635200	4770040	316.0952454
636600	4770040	-34.86732864
638000	4770040	-207.5046539
639400	4770040	24.23350716
640800	4770040	342.6879272
642200	4770040	260.9957275
643600	4770040	136.1519165
645000	4770040	23.96209717
646400	4770040	-231.0461426
647800	4770040	-203.4522095
649200	4770040	-2.22227931
650600	4770040	31.12306023
652000	4770040	-22.79435539
653400	4770040	-98.58634186
654800	4770040	181.5673523
656200	4770040	385.2764587
657600	4770040	344.9258728
659000	4770040	217.35849
660400	4770040	204.6045227
661800	4770040	227.2045746
663200	4770040	47.83067322
664600	4770040	-109.6983185
666000	4770040	-157.7676544
667400	4770040	-73.55139923
668800	4770040	-22.51929092
670200	4770040	-193.3984985
671600	4770040	-290.8735352
673000	4770040	-403.2673035
674400	4770040	-301.3570251
675800	4770040	-196.9512787
677200	4770040	-205.6952362
678600	4770040	-131.4324188
680000	4770040	-142.0575256
681400	4770040	-5.885653496
682800	4770040	-139.976593
684200	4770040	0.24301523
685600	4770040	136.9117737
687000	4770040	-106.1231308
688400	4770040	-161.7039337
689800	4770040	-203.6562653
691200	4770040	151.1243744
692600	4770040	166.0687256
694000	4770040	-40.5909462
695400	4770040	-278.5013428
696800	4770040	78.76568604
698200	4770040	501.9926147
699600	4770040	577.8895874
701000	4770040	697.6321411
702400	4770040	751.7527466
703800	4770040	426.361908
705200	4770040	209.9874573
706600	4770040	72.72262573
708000	4770040	-141.4231262
709400	4770040	-347.2147522
710800	4770040	-86.96242523
712200	4770040	251.5997162
713600	4770040	414.9378357
715000	4770040	629.9555664
716400	4770040	454.7078552
717800	4770040	124.8669052
719200	4770040	17.00656319
625400	4771440	-0.875022471
626800	4771440	-19.44410515
628200	4771440	0.815340996
629600	4771440	189.9308929
631000	4771440	18.43582535
632400	4771440	-137.0812683
633800	4771440	12.40768051
635200	4771440	354.3528748
636600	4771440	-3.602688313
638000	4771440	-248.1057434
639400	4771440	-47.93477249
640800	4771440	291.7992859
642200	4771440	257.140564
643600	4771440	135.7003021
645000	4771440	25.20500946
646400	4771440	-83.5579834
647800	4771440	-307.9171143
649200	4771440	-128.2405396
650600	4771440	-6.76378727
652000	4771440	-200.9806366
653400	4771440	-100.6486664
654800	4771440	78.76997375
656200	4771440	49.68404007
657600	4771440	-106.0785294
659000	4771440	-33.34561539
660400	4771440	116.2453308
661800	4771440	128.5057068
663200	4771440	-143.7089539
664600	4771440	-196.8639069
666000	4771440	-289.364502
667400	4771440	-322.4584045
668800	4771440	-369.1885681
670200	4771440	-355.6938171
671600	4771440	-384.4078674
673000	4771440	-356.179718
674400	4771440	-286.2665405
675800	4771440	-355.6409302
677200	4771440	-380.6902771
678600	4771440	-339.1177673
680000	4771440	-145.3277435
681400	4771440	-192.3425751
682800	4771440	-270.0330811
684200	4771440	-251.431488
685600	4771440	-285.1060181
687000	4771440	-294.0200195
688400	4771440	-20.92684364
689800	4771440	-351.9272156
691200	4771440	19.13566399
692600	4771440	63.19322205
694000	4771440	-246.7112579
695400	4771440	-377.1740112
696800	4771440	14.820858
698200	4771440	366.9366455
699600	4771440	233.576355
701000	4771440	204.8543091
702400	4771440	311.1386719
703800	4771440	166.9465485
705200	4771440	247.2540436
706600	4771440	258.3641663
708000	4771440	115.0530014
709400	4771440	-255.5267029
710800	4771440	-228.5857849
712200	4771440	16.06076431
713600	4771440	194.1017914
715000	4771440	111.013855
716400	4771440	-68.41711426
717800	4771440	-36.66895676
719200	4771440	-2.787292004
625400	4772840	-3.413160324
626800	4772840	14.31039047
628200	4772840	147.2501984
629600	4772840	171.2381592
631000	4772840	-77.33744049
632400	4772840	-93.38768005
633800	4772840	156.5352325
635200	4772840	232.9052429
636600	4772840	-97.31839752
638000	4772840	-361.5670471
639400	4772840	-204.239502
640800	4772840	47.65158844
642200	4772840	199.6550751
643600	4772840	64.77494812
645000	4772840	49.91819763
646400	4772840	-308.4895325
647800	4772840	-182.1422729
649200	4772840	-173.8709717
650600	4772840	-176.1016846
652000	4772840	-182.597168
653400	4772840	-78.87194061
654800	4772840	-143.9915009
656200	4772840	-6.704515934
657600	4772840	66.95838928
659000	4772840	290.7036438
660400	4772840	275.6551208
661800	4772840	162.1383362
663200	4772840	65.41287231
664600	4772840	61.94333267
666000	4772840	-48.73207855
667400	4772840	-268.6932983
668800	4772840	-411.7869568
670200	4772840	-474.0752563
671600	4772840	-365.2371216
673000	4772840	-455.4163513
674400	4772840	-370.2206421
675800	4772840	-257.7264099
677200	4772840	-315.9557495
678600	4772840	-369.2025452
680000	4772840	-176.8880463
681400	4772840	-268.9974365
682800	4772840	-239.9968719
684200	4772840	-390.3310852
685600	4772840	-407.6562195
687000	4772840	-315.8157959
688400	4772840	-239.5175781
689800	4772840	-388.7298889
691200	4772840	-164.6829529
692600	4772840	-150.1196442
694000	4772840	-385.6296692
695400	4772840	-347.0829468
696800	4772840	-206.5426788
698200	4772840	-180.5854034
699600	4772840	81.98271942
701000	4772840	274.5715942
702400	4772840	488.8408813
703800	4772840	442.8423462
705200	4772840	446.6105347
706600	4772840	254.8260651
708000	4772840	20.31996155
709400	4772840	-247.604599
710800	4772840	-154.7982025
712200	4772840	177.2046204
713600	4772840	35.65256119
715000	4772840	-131.4181213
716400	4772840	-107.721344
717800	4772840	-7.887536049
719200	4772840	-0.771371603
625400	4774240	-30.1158905
626800	4774240	-140.0476074
628200	4774240	-387.3931274
629600	4774240	-533.0757446
631000	4774240	-457.4100647
632400	4774240	-180.690567
633800	4774240	-78.20133972
635200	4774240	251.022171
636600	4774240	241.62117
638000	4774240	-25.05155182
639400	4774240	-344.5168457
640800	4774240	-162.7522888
642200	4774240	-24.18850517
643600	4774240	-54.38290024
645000	4774240	-121.7176132
646400	4774240	-463.9142761
647800	4774240	-301.8337708
649200	4774240	-328.9386902
650600	4774240	-194.0492096
652000	4774240	-224.2235413
653400	4774240	-260.3450928
654800	4774240	-64.5380249
656200	4774240	262.5523682
657600	4774240	350.6999512
659000	4774240	402.0167236
660400	4774240	254.5504303
661800	4774240	383.1716614
663200	4774240	281.9057312
664600	4774240	167.9681091
666000	4774240	43.77658081
667400	4774240	27.73636055
668800	4774240	-286.339447
670200	4774240	-406.3282166
671600	4774240	-465.3080139
673000	4774240	-420.2713318
674400	4774240	-473.0412903
675800	4774240	-452.1731262
677200	4774240	-451.2771606
678600	4774240	-388.9007568
680000	4774240	-324.6831665
681400	4774240	-294.1074524
682800	4774240	-375.8719177
684200	4774240	-366.6532898
685600	4774240	-392.4135132
687000	4774240	-290.3234558
688400	4774240	-291.1344299
689800	4774240	-391.1855774
691200	4774240	-333.4214172
692600	4774240	-254.8383789
694000	4774240	-390.7501526
695400	4774240	-153.6586456
696800	4774240	247.3625946
698200	4774240	336.77771
699600	4774240	178.1195526
701000	4774240	351.12146
702400	4774240	346.206665
703800	4774240	223.164856
705200	4774240	-4.112668991
706600	4774240	-135.2597656
708000	4774240	-300.111908
709400	4774240	-336.1534424
710800	4774240	-264.6587219
712200	4774240	-276.2979126
713600	4774240	-209.9736938
715000	4774240	-254.400177
716400	4774240	-170.1143799
717800	4774240	-73.02088928
719200	4774240	-26.5226593
625400	4775640	-34.36711884
626800	4775640	-169.1807404
628200	4775640	-455.9255371
629600	4775640	-602.7620239
631000	4775640	-460.2529907
632400	4775640	-244.3611755
633800	4775640	31.6958065
635200	4775640	176.7777863
636600	4775640	84.34559631
638000	4775640	24.10224915
639400	4775640	-121.783432
640800	4775640	-398.6872253
642200	4775640	-198.3055115
643600	4775640	-181.9692993
645000	4775640	-408.8216553
646400	4775640	-260.5994873
647800	4775640	-97.34395599
649200	4775640	-91.27772522
650600	4775640	-172.059494
652000	4775640	-333.1665649
653400	4775640	-201.3374176
654800	4775640	-142.1887817
656200	4775640	279.3977661
657600	4775640	380.6726685
659000	4775640	175.4640503
660400	4775640	226.1930695
661800	4775640	473.9017944
663200	4775640	259.6883545
664600	4775640	252.4199371
666000	4775640	69.91500092
667400	4775640	146.4720154
668800	4775640	-193.0012512
670200	4775640	-421.3800354
671600	4775640	-402.8186951
673000	4775640	-478.5133667
674400	4775640	-417.8987122
675800	4775640	-394.854248
677200	4775640	-316.3930359
678600	4775640	-358.0342102
680000	4775640	-335.9284363
681400	4775640	-378.3143921
682800	4775640	-381.1373291
684200	4775640	-399.0544128
685600	4775640	-371.6835632
687000	4775640	-204.0774078
688400	4775640	-229.343399
689800	4775640	-280.1430969
691200	4775640	-312.372406
692600	4775640	-300.0964966
694000	4775640	-366.7423401
695400	4775640	-88.20614624
696800	4775640	78.17203522
698200	4775640	-2.496421337
699600	4775640	-200.3347015
701000	4775640	-144.1844635
702400	4775640	-77.99525452
703800	4775640	-94.0982132
705200	4775640	-186.7759399
706600	4775640	-254.8867493
708000	4775640	-285.0740356
709400	4775640	-323.5383301
710800	4775640	-256.087616
712200	4775640	-244.2794952
713600	4775640	-282.7026062
715000	4775640	-251.2346649
716400	4775640	-180.162674
717800	4775640	-61.74335098
719200	4775640	-27.34449959
625400	4777040	-12.27374268
626800	4777040	-50.60493851
628200	4777040	-1.573645353
629600	4777040	217.1403046
631000	4777040	92.44827271
632400	4777040	-295.9611206
633800	4777040	-209.2865295
635200	4777040	67.47406006
636600	4777040	150.5692139
638000	4777040	31.38715363
639400	4777040	-175.9369049
640800	4777040	-316.5115051
642200	4777040	-282.9006042
643600	4777040	-367.9555664
645000	4777040	-445.4038696
646400	4777040	-331.7668762
647800	4777040	-199.3035278
649200	4777040	-316.2783508
650600	4777040	-365.3216553
652000	4777040	-363.8862915
653400	4777040	-170.1926117
654800	4777040	59.7771492
656200	4777040	307.3539429
657600	4777040	384.8652344
659000	4777040	368.9321289
660400	4777040	209.2354126
661800	4777040	251.1695557
663200	4777040	290.1809692
664600	4777040	117.2292557
666000	4777040	-7.652634621
667400	4777040	141.4355621
668800	4777040	-95.09488678
670200	4777040	-364.0090332
671600	4777040	-430.0841675
673000	4777040	-455.6117554
674400	4777040	-393.1752625
675800	4777040	-273.1158447
677200	4777040	-193.1966705
678600	4777040	-358.5393066
680000	4777040	-313.3714294
681400	4777040	-353.644989
682800	4777040	-330.5261841
684200	4777040	-390.798584
685600	4777040	-376.2217102
687000	4777040	-317.1026306
688400	4777040	-267.0462036
689800	4777040	-240.4656219
691200	4777040	-100.307663
692600	4777040	-137.347702
694000	4777040	-371.4556274
695400	4777040	-427.6389771
696800	4777040	-375.421814
698200	4777040	-333.7714844
699600	4777040	-311.2693787
701000	4777040	-266.4004822
702400	4777040	-248.326889
703800	4777040	-282.1970825
705200	4777040	-313.4367981
706600	4777040	-301.5809631
708000	4777040	-214.9176636
709400	4777040	-270.9705811
710800	4777040	-224.5941467
712200	4777040	-235.7724915
713600	4777040	-259.8578491
715000	4777040	-176.8780212
716400	4777040	-128.6483612
717800	4777040	-45.77924728
719200	4777040	-11.15339565
625400	4778440	-13.90923214
626800	4778440	-38.34723663
628200	4778440	13.56230164
629600	4778440	-71.09989166
631000	4778440	-136.1933441
632400	4778440	-320.3640137
633800	4778440	-201.7618561
635200	4778440	98.90062714
636600	4778440	102.967041
638000	4778440	63.00201416
639400	4778440	-190.9201965
640800	4778440	-361.5599976
642200	4778440	-398.6444397
643600	4778440	-414.5620728
645000	4778440	-429.9128723
646400	4778440	-409.4677124
647800	4778440	-361.5996094
649200	4778440	-398.749939
650600	4778440	-341.7575073
652000	4778440	-187.3496094
653400	4778440	35.10361481
654800	4778440	-44.15974808
656200	4778440	15.49839592
657600	4778440	306.7424927
659000	4778440	311.2976685
660400	4778440	116.8770676
661800	4778440	131.6264038
663200	4778440	204.8788452
664600	4778440	76.3571167
666000	4778440	-198.3582458
667400	4778440	-292.7817383
668800	4778440	-324.3258972
670200	4778440	-396.3718567
671600	4778440	-451.7233582
673000	4778440	-413.4991455
674400	4778440	-247.774292
675800	4778440	-98.71090698
677200	4778440	-241.4642944
678600	4778440	-295.3200378
680000	4778440	-313.4539795
681400	4778440	-363.179657
682800	4778440	-188.0341644
684200	4778440	-256.0300903
685600	4778440	-331.4239807
687000	4778440	-397.2972717
688400	4778440	-327.1299438
689800	4778440	-209.1677246
691200	4778440	-282.9719238
692600	4778440	-296.1745605
694000	4778440	-356.5321045
695400	4778440	-385.0854797
696800	4778440	-336.4126892
698200	4778440	-318.474823
699600	4778440	-335.3765259
701000	4778440	-370.4553833
702400	4778440	-354.0643616
703800	4778440	-331.7424011
705200	4778440	-316.0982056
706600	4778440	-289.4302673
708000	4778440	-248.9046478
709400	4778440	-200.2255402
710800	4778440	-225.6253052
712200	4778440	-301.7089233
713600	4778440	-302.1859741
715000	4778440	-239.8980713
716400	4778440	-139.4608765
717800	4778440	-51.50612259
719200	4778440	-14.34491634
625400	4779840	7.343123913
626800	4779840	43.25580215
628200	4779840	136.0285797
629600	4779840	403.9200745
631000	4779840	420.7713928
632400	4779840	-78.6700058
633800	4779840	-292.530304
635200	4779840	-19.28614616
636600	4779840	-150.4148712
638000	4779840	-252.3920288
639400	4779840	-337.1790771
640800	4779840	-361.633667
642200	4779840	-385.3976135
643600	4779840	-408.7102051
645000	4779840	-423.3950195
646400	4779840	-394.1577148
647800	4779840	-395.8939209
649200	4779840	-392.5021667
650600	4779840	-228.7932434
652000	4779840	-32.86484146
653400	4779840	-45.51126099
654800	4779840	-143.5709839
656200	4779840	-271.3961487
657600	4779840	59.11350632
659000	4779840	215.9469452
660400	4779840	-85.34828186
661800	4779840	-109.7276688
663200	4779840	-172.8522644
664600	4779840	-236.1715698
666000	4779840	-175.0762024
667400	4779840	-350.3834229
668800	4779840	-420.981842
670200	4779840	-416.7354431
671600	4779840	-436.5107727
673000	4779840	-392.7565308
674400	4779840	-182.7717133
675800	4779840	-106.355751
677200	4779840	-197.1324768
678600	4779840	-213.7145691
680000	4779840	-264.5787048
681400	4779840	-327.8518066
682800	4779840	-220.4189301
684200	4779840	-236.9609833
685600	4779840	-206.0542755
687000	4779840	-329.3279419
688400	4779840	-335.2244568
689800	4779840	-257.5803833
691200	4779840	-325.1773376
692600	4779840	-361.1812744
694000	4779840	-342.7077942
695400	4779840	-371.7199707
696800	4779840	-355.8250122
698200	4779840	-363.4938049
699600	4779840	-363.3180847
701000	4779840	-332.26651
702400	4779840	-330.5688171
703800	4779840	-319.304657
705200	4779840	-309.6484375
706600	4779840	-280.0341797
708000	4779840	-259.341156
709400	4779840	-234.3411407
710800	4779840	-258.2015991
712200	4779840	-308.240387
713600	4779840	-306.9261169
715000	4779840	-282.2422485
716400	4779840	-166.3973846
717800	4779840	-61.15862656
719200	4779840	-0.925891757
625400	4781240	-14.01939201
626800	4781240	-54.9527626
628200	4781240	-113.0139389
629600	4781240	-157.8014679
631000	4781240	-340.3388367
632400	4781240	-126.0834961
633800	4781240	-391.4790039
635200	4781240	-333.2205505
636600	4781240	-339.605896
638000	4781240	-357.6156006
639400	4781240	-372.8455811
640800	4781240	-408.4712219
642200	4781240	-403.2836609
643600	4781240	-411.5827026
645000	4781240	-416.7492371
646400	4781240	-391.294342
647800	4781240	-393.6724243
649200	4781240	-353.8101196
650600	4781240	-285.4949646
652000	4781240	-51.00193405
653400	4781240	-208.0276642
654800	4781240	-25.88681412
656200	4781240	-97.30804443
657600	4781240	28.26199532
659000	4781240	-175.6819153
660400	4781240	-325.2713318
661800	4781240	-140.9662018
663200	4781240	-57.21461487
664600	4781240	-279.9674683
666000	4781240	-326.6417542
667400	4781240	-375.9410095
668800	4781240	-411.3478394
670200	4781240	-432.0325623
671600	4781240	-394.225708
673000	4781240	-261.1922913
674400	4781240	-107.1265411
675800	4781240	-75.32939148
677200	4781240	-266.2886658
678600	4781240	-348.3607483
680000	4781240	-344.6287842
681400	4781240	-353.270752
682800	4781240	-289.0096741
684200	4781240	-291.4961548
685600	4781240	-320.6588745
687000	4781240	-359.5802307
688400	4781240	-310.9695129
689800	4781240	-341.4726257
691200	4781240	-338.898407
692600	4781240	-279.2420654
694000	4781240	-363.4712524
695400	4781240	-361.53125
696800	4781240	-329.473053
698200	4781240	-356.6054688
699600	4781240	-333.7069702
701000	4781240	-327.1016846
702400	4781240	-313.5550537
703800	4781240	-282.1036682
705200	4781240	-274.2740173
706600	4781240	-265.0121765
708000	4781240	-246.7225647
709400	4781240	-240.9000549
710800	4781240	-271.5470581
712200	4781240	-260.8881531
713600	4781240	-264.9449463
715000	4781240	-219.6988373
716400	4781240	-142.8264771
717800	4781240	-51.34633636
719200	4781240	-14.60680294
625400	4782640	-0.083472416
626800	4782640	20.62805176
628200	4782640	55.90564728
629600	4782640	69.07978821
631000	4782640	43.27621078
632400	4782640	8.156947136
633800	4782640	-273.5707397
635200	4782640	-405.2413025
636600	4782640	-365.5313721
638000	4782640	-293.9842224
639400	4782640	-176.7463226
640800	4782640	-310.1368103
642200	4782640	-279.7880859
643600	4782640	-223.5894318
645000	4782640	-365.1625061
646400	4782640	-268.6652222
647800	4782640	-368.855835
649200	4782640	-263.7450867
650600	4782640	-116.748436
652000	4782640	-34.96580887
653400	4782640	-265.1781921
654800	4782640	-165.104538
656200	4782640	-241.7594757
657600	4782640	-258.6781311
659000	4782640	-346.0900269
660400	4782640	-311.428009
661800	4782640	-78.79106903
663200	4782640	2.960183144
664600	4782640	-282.5765381
666000	4782640	-369.0496521
667400	4782640	-349.618988
668800	4782640	-376.5329895
670200	4782640	-423.2054749
671600	4782640	-332.6199646
673000	4782640	-143.684906
674400	4782640	-187.7269592
675800	4782640	-212.8107147
677200	4782640	-262.8441162
678600	4782640	-333.4388428
680000	4782640	-362.2801514
681400	4782640	-251.839798
682800	4782640	-94.0407486
684200	4782640	-111.3529358
685600	4782640	-253.3506775
687000	4782640	-283.9882813
688400	4782640	-322.9921265
689800	4782640	-357.5886841
691200	4782640	-368.6661987
692600	4782640	-337.2969055
694000	4782640	-353.1141663
695400	4782640	-362.4925842
696800	4782640	-307.7540588
698200	4782640	-318.2361755
699600	4782640	-307.6922302
701000	4782640	-299.5253601
702400	4782640	-284.45047
703800	4782640	-262.6338806
705200	4782640	-245.9083099
706600	4782640	-245.140152
708000	4782640	-237.3537903
709400	4782640	-217.9480591
710800	4782640	-269.2015381
712200	4782640	-252.1897278
713600	4782640	-225.5765533
715000	4782640	-192.0503235
716400	4782640	-109.6862488
717800	4782640	-43.8480072
719200	4782640	-4.688486099
625400	4784040	4.248013973
626800	4784040	75.24428558
628200	4784040	276.6252747
629600	4784040	487.829895
631000	4784040	372.3356018
632400	4784040	0.902667165
633800	4784040	-252.3924103
635200	4784040	-371.106842
636600	4784040	-187.7974548
638000	4784040	80.40994263
639400	4784040	15.04361439
640800	4784040	-256.8739624
642200	4784040	-322.5631409
643600	4784040	-138.3723907
645000	4784040	-189.4840546
646400	4784040	-291.1097717
647800	4784040	-304.9765015
649200	4784040	-312.175293
650600	4784040	-323.619873
652000	4784040	-172.4380493
653400	4784040	-68.35778046
654800	4784040	-297.7958374
656200	4784040	-307.2139282
657600	4784040	-329.6263428
659000	4784040	-198.2212982
660400	4784040	-133.0807495
661800	4784040	13.05117607
663200	4784040	-150.2566528
664600	4784040	-350.8823853
666000	4784040	-373.7447205
667400	4784040	-353.953125
668800	4784040	-382.3108826
670200	4784040	-404.9416504
671600	4784040	-170.5377045
673000	4784040	-104.9180374
674400	4784040	-160.0020752
675800	4784040	-281.5215454
677200	4784040	-305.7281799
678600	4784040	-264.1246338
680000	4784040	-301.2944641
681400	4784040	-337.2953186
682800	4784040	-139.6269684
684200	4784040	-153.6966095
685600	4784040	-291.6303101
687000	4784040	-314.7684021
688400	4784040	-307.6380615
689800	4784040	-312.1156616
691200	4784040	-359.1217041
692600	4784040	-346.8036804
694000	4784040	-353.7169495
695400	4784040	-339.347168
696800	4784040	-318.6505432
698200	4784040	-319.2371216
699600	4784040	-310.7974548
701000	4784040	-278.7327271
702400	4784040	-232.7462463
703800	4784040	-274.4407959
705200	4784040	-290.4003296
706600	4784040	-301.9526367
708000	4784040	-282.2557068
709400	4784040	-237.0750275
710800	4784040	-227.9093628
712200	4784040	-241.0323486
713600	4784040	-249.0099182
715000	4784040	-176.4352112
716400	4784040	-103.8049164
717800	4784040	-40.79383469
719200	4784040	-2.242845774
625400	4785440	8.884755135
626800	4785440	85.45758057
628200	4785440	270.2773438
629600	4785440	456.7150879
631000	4785440	411.4546204
632400	4785440	16.51453781
633800	4785440	-190.7069244
635200	4785440	-346.9336548
636600	4785440	-177.7558746
638000	4785440	-126.4314957
639400	4785440	-283.8351135
640800	4785440	-254.7986755
642200	4785440	-172.0377808
643600	4785440	-230.958252
645000	4785440	-159.8114166
646400	4785440	-248.6409454
647800	4785440	-280.4702454
649200	4785440	-300.0877991
650600	4785440	-285.182251
652000	4785440	-231.272583
653400	4785440	-35.30874634
654800	4785440	-267.151886
656200	4785440	-371.117218
657600	4785440	-262.661499
659000	4785440	-135.0648041
660400	4785440	-28.41435051
661800	4785440	-204.8822174
663200	4785440	-173.8426819
664600	4785440	-243.9176025
666000	4785440	-305.6929626
667400	4785440	-324.3432617
668800	4785440	-342.5976257
670200	4785440	-391.8894043
671600	4785440	-209.118515
673000	4785440	-194.6962128
674400	4785440	-228.452713
675800	4785440	-306.9177856
677200	4785440	-316.4822388
678600	4785440	-213.5680237
680000	4785440	-102.940361
681400	4785440	-247.1393433
682800	4785440	-320.8903503
684200	4785440	-323.1938171
685600	4785440	-336.4689026
687000	4785440	-320.3745422
688400	4785440	-285.3287964
689800	4785440	-322.2006226
691200	4785440	-345.6488342
692600	4785440	-338.5301819
694000	4785440	-346.9454651
695400	4785440	-331.1549683
696800	4785440	-317.4223328
698200	4785440	-268.337738
699600	4785440	-223.3552399
701000	4785440	-193.74646
702400	4785440	-218.1755676
703800	4785440	-323.4607544
705200	4785440	-310.9329529
706600	4785440	-297.5014648
708000	4785440	-289.0007629
709400	4785440	-259.5295105
710800	4785440	-256.696106
712200	4785440	-262.4264832
713600	4785440	-263.7655334
715000	4785440	-227.3474274
716400	4785440	-136.9298859
717800	4785440	-48.78103638
719200	4785440	0.986629367
625400	4786840	15.175313
626800	4786840	125.1883545
628200	4786840	287.1289063
629600	4786840	334.3687134
631000	4786840	341.2106323
632400	4786840	107.5491943
633800	4786840	-188.7565918
635200	4786840	-122.97332
636600	4786840	-242.6047821
638000	4786840	-360.785614
639400	4786840	-141.1715851
640800	4786840	-190.4585266
642200	4786840	-166.9900513
643600	4786840	-180.3540955
645000	4786840	-216.2254639
646400	4786840	-211.263031
647800	4786840	-241.346756
649200	4786840	-201.3713226
650600	4786840	-232.4373322
652000	4786840	-284.2476501
653400	4786840	-285.4251099
654800	4786840	-238.2556458
656200	4786840	-310.3322144
657600	4786840	-103.7104492
659000	4786840	-269.3862305
660400	4786840	-185.6320648
661800	4786840	-294.6817932
663200	4786840	-288.7924194
664600	4786840	-232.1857147
666000	4786840	-246.7772217
667400	4786840	-183.3736877
668800	4786840	-264.427887
670200	4786840	-347.1285095
671600	4786840	-317.9749146
673000	4786840	-294.9657593
674400	4786840	-267.2206726
675800	4786840	-323.0316162
677200	4786840	-238.6051483
678600	4786840	-144.7258301
680000	4786840	-234.4257202
681400	4786840	-186.8031006
682800	4786840	-268.2836609
684200	4786840	-279.6592102
685600	4786840	-308.7748718
687000	4786840	-332.1905823
688400	4786840	-310.013031
689800	4786840	-299.4403076
691200	4786840	-334.021698
692600	4786840	-337.0517578
694000	4786840	-320.8485718
695400	4786840	-243.3434448
696800	4786840	-261.6634827
698200	4786840	-239.9668732
699600	4786840	-242.8933868
701000	4786840	-198.6749115
702400	4786840	-233.0795135
703800	4786840	-302.0324707
705200	4786840	-280.8655701
706600	4786840	-317.2368469
708000	4786840	-268.04776
709400	4786840	-239.5006409
710800	4786840	-262.1850891
712200	4786840	-311.8035889
713600	4786840	-293.6466064
715000	4786840	-268.8606262
716400	4786840	-164.7354431
717800	4786840	-65.10520935
719200	4786840	2.518344879
625400	4788240	25.92489433
626800	4788240	129.7416077
628200	4788240	228.550827
629600	4788240	504.7745972
631000	4788240	528.4509277
632400	4788240	43.62878036
633800	4788240	-64.76269531
635200	4788240	76.7086792
636600	4788240	-205.0795898
638000	4788240	-366.7096252
639400	4788240	-351.717804
640800	4788240	-242.3677521
642200	4788240	-207.0915375
643600	4788240	-188.9317322
645000	4788240	-264.523468
646400	4788240	-255.8394775
647800	4788240	-214.9230347
649200	4788240	-169.968689
650600	4788240	-89.3479538
652000	4788240	-182.2220917
653400	4788240	-242.1927643
654800	4788240	-331.3547668
656200	4788240	-294.541626
657600	4788240	-198.157959
659000	4788240	-328.1917114
660400	4788240	-157.4241333
661800	4788240	-252.9611816
663200	4788240	-336.89328
664600	4788240	-149.5857697
666000	4788240	-317.8130493
667400	4788240	-206.0452118
668800	4788240	-57.6944046
670200	4788240	-289.0196838
671600	4788240	-363.5345459
673000	4788240	-345.2731628
674400	4788240	-306.5118408
675800	4788240	-289.0851135
677200	4788240	-225.6885529
678600	4788240	-244.530014
680000	4788240	-278.8686829
681400	4788240	-278.0071411
682800	4788240	-305.5811462
684200	4788240	-278.4144287
685600	4788240	-266.8638
687000	4788240	-309.2033081
688400	4788240	-320.2712708
689800	4788240	-303.7357788
691200	4788240	-327.7019653
692600	4788240	-309.7357178
694000	4788240	-250.6235199
695400	4788240	-220.2463074
696800	4788240	-236.1014709
698200	4788240	-264.6842346
699600	4788240	-200.4598083
701000	4788240	-233.0237885
702400	4788240	-267.9743958
703800	4788240	-312.1818237
705200	4788240	-337.0371704
706600	4788240	-326.6332397
708000	4788240	-223.6065369
709400	4788240	-215.3445435
710800	4788240	-266.9679871
712200	4788240	-302.1532593
713600	4788240	-301.6005249
715000	4788240	-252.6638947
716400	4788240	-159.0619202
717800	4788240	-59.62400055
719200	4788240	9.691222191
625400	4789640	11.41252708
626800	4789640	98.0236969
628200	4789640	213.1094055
629600	4789640	262.3463135
631000	4789640	265.1282043
632400	4789640	62.5886116
633800	4789640	-195.3637238
635200	4789640	-64.51593781
636600	4789640	-229.3406067
638000	4789640	-253.0218506
639400	4789640	-331.3282166
640800	4789640	-306.572052
642200	4789640	-207.3219452
643600	4789640	-256.590271
645000	4789640	-253.3592682
646400	4789640	-166.9546967
647800	4789640	-32.622715
649200	4789640	-160.9135437
650600	4789640	-293.1977234
652000	4789640	-237.0197754
653400	4789640	-151.977829
654800	4789640	-178.7427521
656200	4789640	-347.7440491
657600	4789640	-357.4105225
659000	4789640	-334.1184387
660400	4789640	-236.4517822
661800	4789640	-258.1433411
663200	4789640	-313.8528137
664600	4789640	-259.4011841
666000	4789640	-326.072052
667400	4789640	-282.3704834
668800	4789640	-204.7890472
670200	4789640	-274.3800659
671600	4789640	-318.644989
673000	4789640	-353.7842102
674400	4789640	-267.8302307
675800	4789640	-241.0318451
677200	4789640	-288.1571655
678600	4789640	-275.5022888
680000	4789640	-261.3670959
681400	4789640	-283.4500732
682800	4789640	-268.4635315
684200	4789640	-266.4722595
685600	4789640	-294.7033386
687000	4789640	-301.0455322
688400	4789640	-299.2471924
689800	4789640	-298.7731018
691200	4789640	-280.9137268
692600	4789640	-264.9279175
694000	4789640	-275.3493652
695400	4789640	-240.3144989
696800	4789640	-235.6313019
698200	4789640	-213.7514038
699600	4789640	-190.6802063
701000	4789640	-217.0646667
702400	4789640	-242.9493408
703800	4789640	-290.3784485
705200	4789640	-324.96521
706600	4789640	-242.1303864
708000	4789640	-199.6989899
709400	4789640	-259.2203979
710800	4789640	-246.8948975
712200	4789640	-280.8626404
713600	4789640	-276.5064697
715000	4789640	-232.4576263
716400	4789640	-149.7863007
717800	4789640	-53.94334793
719200	4789640	1.655773997
625400	4791040	-14.37312794
626800	4791040	-41.29009628
628200	4791040	-143.6945343
629600	4791040	-204.922699
631000	4791040	-266.3016663
632400	4791040	-154.7560272
633800	4791040	-283.569458
635200	4791040	-264.2457886
636600	4791040	-136.7025299
638000	4791040	-5.030644894
639400	4791040	-176.5636292
640800	4791040	-293.9732666
642200	4791040	-261.3429871
643600	4791040	-259.5901184
645000	4791040	-226.208786
646400	4791040	-94.73158264
647800	4791040	-109.3025055
649200	4791040	-85.25232697
650600	4791040	-131.0133057
652000	4791040	-300.2743835
653400	4791040	-299.6858826
654800	4791040	-184.574707
656200	4791040	-250.9830627
657600	4791040	-337.3352051
659000	4791040	-312.4562073
660400	4791040	-236.6225281
661800	4791040	-242.4882965
663200	4791040	-315.5011597
664600	4791040	-314.8782043
666000	4791040	-320.9433289
667400	4791040	-215.9177704
668800	4791040	-166.5070343
670200	4791040	-253.6560211
671600	4791040	-319.0519409
673000	4791040	-329.9480591
674400	4791040	-245.6396332
675800	4791040	-188.3236084
677200	4791040	-253.2967987
678600	4791040	-250.9797668
680000	4791040	-263.0447998
681400	4791040	-285.1643372
682800	4791040	-276.174469
684200	4791040	-265.2933044
685600	4791040	-285.6187744
687000	4791040	-300.1557312
688400	4791040	-311.5551758
689800	4791040	-255.7923889
691200	4791040	-260.2659912
692600	4791040	-232.1304932
694000	4791040	-209.5149994
695400	4791040	-212.9156036
696800	4791040	-188.4638214
698200	4791040	-203.7678375
699600	4791040	-221.8718414
701000	4791040	-162.227356
702400	4791040	-210.8909607
703800	4791040	-277.5943909
705200	4791040	-251.4437561
706600	4791040	-177.550766
708000	4791040	-149.2571869
709400	4791040	-224.7803192
710800	4791040	-168.6225739
712200	4791040	-216.7058868
713600	4791040	-240.2009583
715000	4791040	-150.7237549
716400	4791040	-124.4346466
717800	4791040	-42.46180344
719200	4791040	-13.27340984
625400	4792440	-16.14740753
626800	4792440	-76.43354797
628200	4792440	-122.4356003
629600	4792440	-69.04238129
631000	4792440	-67.46174622
632400	4792440	-210.8455811
633800	4792440	-340.6947632
635200	4792440	-198.9721375
636600	4792440	55.55470276
638000	4792440	161.184433
639400	4792440	31.6184597
640800	4792440	-170.5466766
642200	4792440	-215.1422577
643600	4792440	-222.3592834
645000	4792440	-191.6131287
646400	4792440	-148.3273468
647800	4792440	-268.3161926
649200	4792440	-202.2594452
650600	4792440	-151.8504181
652000	4792440	-200.2751923
653400	4792440	-312.3620911
654800	4792440	-230.828598
656200	4792440	-143.0150146
657600	4792440	-243.4803467
659000	4792440	-310.3366394
660400	4792440	-303.3029175
661800	4792440	-292.6818237
663200	4792440	-268.7531433
664600	4792440	-290.0793457
666000	4792440	-199.3768005
667400	4792440	-137.4431458
668800	4792440	-213.6924744
670200	4792440	-239.7684479
671600	4792440	-314.214386
673000	4792440	-275.3368225
674400	4792440	-178.7621002
675800	4792440	-201.8109741
677200	4792440	-222.2018127
678600	4792440	-243.7203674
680000	4792440	-240.5584259
681400	4792440	-239.6546783
682800	4792440	-297.9091797
684200	4792440	-268.8294067
685600	4792440	-283.9700012
687000	4792440	-279.1208191
688400	4792440	-261.6100159
689800	4792440	-245.6661835
691200	4792440	-249.9235382
692600	4792440	-200.028656
694000	4792440	-176.8110962
695400	4792440	-262.7352295
696800	4792440	-186.2510681
698200	4792440	-210.1022186
699600	4792440	-172.9203339
701000	4792440	-169.602005
702400	4792440	-245.0365753
703800	4792440	-275.3163452
705200	4792440	-183.6645203
706600	4792440	-184.3423767
708000	4792440	-188.727417
709400	4792440	-191.5424805
710800	4792440	-189.9061432
712200	4792440	-201.7589264
713600	4792440	-191.8295135
715000	4792440	-166.5465851
716400	4792440	-108.0622864
717800	4792440	-38.07567596
719200	4792440	-13.75192356
625400	4793840	2.975348711
626800	4793840	62.52468491
628200	4793840	211.9859924
629600	4793840	334.7286682
631000	4793840	305.1181641
632400	4793840	-72.73397827
633800	4793840	-290.6071167
635200	4793840	-103.4384155
636600	4793840	-59.83687592
638000	4793840	313.4829407
639400	4793840	64.87657166
640800	4793840	-39.96412277
642200	4793840	-188.042099
643600	4793840	-195.9343414
645000	4793840	-189.0422516
646400	4793840	-243.0713806
647800	4793840	-247.4946442
649200	4793840	-224.9615326
650600	4793840	-275.4212646
652000	4793840	-304.3703308
653400	4793840	-313.9668274
654800	4793840	-308.4255676
656200	4793840	-270.6633911
657600	4793840	-222.5473785
659000	4793840	-211.3489685
660400	4793840	-288.811676
661800	4793840	-278.7773743
663200	4793840	-287.5175171
664600	4793840	-160.0747528
666000	4793840	-195.8516998
667400	4793840	-234.0111694
668800	4793840	-261.1286621
670200	4793840	-288.6010132
671600	4793840	-293.7530212
673000	4793840	-273.4170532
674400	4793840	-169.5012512
675800	4793840	-203.7441559
677200	4793840	-242.6508331
678600	4793840	-213.9977264
680000	4793840	-208.3601379
681400	4793840	-257.0180054
682800	4793840	-252.9790497
684200	4793840	-260.8045044
685600	4793840	-282.6203003
687000	4793840	-251.2545166
688400	4793840	-225.8690033
689800	4793840	-187.930603
691200	4793840	-169.2267303
692600	4793840	-179.6851044
694000	4793840	-154.9797058
695400	4793840	-244.3103638
696800	4793840	-231.807663
698200	4793840	-204.7416992
699600	4793840	-153.5559387
701000	4793840	-186.2569427
702400	4793840	-261.9412537
703800	4793840	-189.9440155
705200	4793840	-186.4264069
706600	4793840	-168.8561401
708000	4793840	-252.5383453
709400	4793840	-167.379425
710800	4793840	-195.5489197
712200	4793840	-183.8609924
713600	4793840	-171.9025879
715000	4793840	-159.0194855
716400	4793840	-86.24724579
717800	4793840	-34.21316147
719200	4793840	-2.132558584
625400	4795240	-16.21456528
626800	4795240	-53.01132584
628200	4795240	-112.0349121
629600	4795240	-159.8561096
631000	4795240	-142.3095551
632400	4795240	-211.8782196
633800	4795240	-263.2771912
635200	4795240	-83.22421265
636600	4795240	46.54367065
638000	4795240	222.2444763
639400	4795240	288.3315125
640800	4795240	95.40927887
642200	4795240	-64.6438446
643600	4795240	-128.1839447
645000	4795240	-154.1189728
646400	4795240	-196.1458435
647800	4795240	-201.6072083
649200	4795240	-189.2894592
650600	4795240	-172.2395477
652000	4795240	-205.0394745
653400	4795240	-263.7490845
654800	4795240	-266.4419861
656200	4795240	-251.4274597
657600	4795240	-238.6073303
659000	4795240	-169.9319
660400	4795240	-304.6534424
661800	4795240	-280.9077454
663200	4795240	-262.5932007
664600	4795240	-228.4055786
666000	4795240	-259.0078125
667400	4795240	-224.1763306
668800	4795240	-240.5526428
670200	4795240	-226.9537048
671600	4795240	-271.2516174
673000	4795240	-269.9425354
674400	4795240	-229.8193359
675800	4795240	-214.168808
677200	4795240	-234.2354279
678600	4795240	-224.8029633
680000	4795240	-248.5923004
681400	4795240	-241.8569946
682800	4795240	-263.3120422
684200	4795240	-265.3755798
685600	4795240	-245.4871979
687000	4795240	-216.1659546
688400	4795240	-214.4120941
689800	4795240	-171.8353424
691200	4795240	-191.918457
692600	4795240	-203.3538361
694000	4795240	-171.9450073
695400	4795240	-239.1162872
696800	4795240	-172.178299
698200	4795240	-219.3399658
699600	4795240	-197.8352661
701000	4795240	-215.354126
702400	4795240	-267.1201477
703800	4795240	-200.6146698
705200	4795240	-189.1636353
706600	4795240	-165.9377899
708000	4795240	-225.5281372
709400	4795240	-183.2754669
710800	4795240	-156.1562805
712200	4795240	-188.2855682
713600	4795240	-210.9076996
715000	4795240	-176.0726013
716400	4795240	-98.03804016
717800	4795240	-36.65396881
719200	4795240	-14.32259464
625400	4796640	-17.45474625
626800	4796640	-62.74296951
628200	4796640	-144.9871674
629600	4796640	-205.8105927
631000	4796640	-239.1057129
632400	4796640	-217.1593475
633800	4796640	-248.3241272
635200	4796640	-185.5471191
636600	4796640	-159.8445282
638000	4796640	-65.90341949
639400	4796640	-51.81414795
640800	4796640	-112.817627
642200	4796640	-109.6651382
643600	4796640	-95.3481369
645000	4796640	-188.8211212
646400	4796640	-101.5686798
647800	4796640	-187.1657257
649200	4796640	-209.642807
650600	4796640	-144.2873535
652000	4796640	-192.1942902
653400	4796640	-209.9684143
654800	4796640	-202.9047241
656200	4796640	-265.7609863
657600	4796640	-258.7474976
659000	4796640	-254.417923
660400	4796640	-262.6348572
661800	4796640	-262.4170837
663200	4796640	-236.7595825
664600	4796640	-242.6538239
666000	4796640	-247.4112854
667400	4796640	-211.8573303
668800	4796640	-234.4531097
670200	4796640	-218.9509583
671600	4796640	-264.6491394
673000	4796640	-264.1590271
674400	4796640	-237.6325378
675800	4796640	-207.7892456
677200	4796640	-232.7100372
678600	4796640	-246.0630646
680000	4796640	-232.4900818
681400	4796640	-237.0573425
682800	4796640	-250.2825165
684200	4796640	-219.5249786
685600	4796640	-207.932724
687000	4796640	-166.7752228
688400	4796640	-152.1943054
689800	4796640	-139.8615417
691200	4796640	-141.9546967
692600	4796640	-188.2014771
694000	4796640	-217.3192139
695400	4796640	-193.6408081
696800	4796640	-199.8729706
698200	4796640	-230.1470642
699600	4796640	-179.1022034
701000	4796640	-218.3083801
702400	4796640	-238.2002869
703800	4796640	-147.6047363
705200	4796640	-160.0204163
706600	4796640	-171.1917267
708000	4796640	-193.9997559
709400	4796640	-156.3310394
710800	4796640	-216.8749237
712200	4796640	-235.7828827
713600	4796640	-199.7841644
715000	4796640	-203.3535461
716400	4796640	-130.2277374
717800	4796640	-44.98233795
719200	4796640	-15.97047424
625400	4798040	-17.05774117
626800	4798040	-51.28446579
628200	4798040	-110.6929169
629600	4798040	-234.8744507
631000	4798040	-272.425415
632400	4798040	-91.67414093
633800	4798040	-147.2023926
635200	4798040	-187.6048126
636600	4798040	-124.8635559
638000	4798040	-46.98215866
639400	4798040	-80.08939362
640800	4798040	-114.4709549
642200	4798040	-91.92066956
643600	4798040	-101.8328552
645000	4798040	-196.8355255
646400	4798040	5.340920448
647800	4798040	-158.9229584
649200	4798040	-189.2699432
650600	4798040	-226.1387482
652000	4798040	-155.4161224
653400	4798040	-205.7038879
654800	4798040	-191.1898346
656200	4798040	-227.5307617
657600	4798040	-249.0670013
659000	4798040	-288.477417
660400	4798040	-288.6304016
661800	4798040	-286.1522217
663200	4798040	-273.8646545
664600	4798040	-246.6042786
666000	4798040	-240.003952
667400	4798040	-223.9277191
668800	4798040	-239.1682434
670200	4798040	-210.7471771
671600	4798040	-244.9934235
673000	4798040	-255.2572937
674400	4798040	-218.7463074
675800	4798040	-183.1656036
677200	4798040	-203.8841095
678600	4798040	-240.7912903
680000	4798040	-235.5512085
681400	4798040	-244.3320465
682800	4798040	-232.207428
684200	4798040	-198.4888458
685600	4798040	-176.1227112
687000	4798040	-163.2715302
688400	4798040	-112.5275726
689800	4798040	-116.4473343
691200	4798040	-121.6506424
692600	4798040	-157.5745392
694000	4798040	-203.5926666
695400	4798040	-195.1000519
696800	4798040	-214.8822021
698200	4798040	-196.9676056
699600	4798040	-173.5793762
701000	4798040	-232.223053
702400	4798040	-176.9514465
703800	4798040	-157.5773163
705200	4798040	-165.0760498
706600	4798040	-211.2822113
708000	4798040	-229.1572266
709400	4798040	-219.6405334
710800	4798040	-214.235199
712200	4798040	-188.0627747
713600	4798040	-180.397644
715000	4798040	-140.0871582
716400	4798040	-89.37926483
717800	4798040	-33.15943909
719200	4798040	-14.41045856
625400	4799440	-7.866641045
626800	4799440	-40.29294205
628200	4799440	-151.8500061
629600	4799440	-244.6738892
631000	4799440	-220.5177002
632400	4799440	-50.78274918
633800	4799440	37.61322021
635200	4799440	43.8925209
636600	4799440	-62.60410309
638000	4799440	-158.8696594
639400	4799440	-158.9548492
640800	4799440	-118.9997711
642200	4799440	-56.16999054
643600	4799440	-101.6570969
645000	4799440	-198.6643677
646400	4799440	-189.541275
647800	4799440	-149.5957642
649200	4799440	-166.3999176
650600	4799440	-195.5693817
652000	4799440	-149.0662842
653400	4799440	-96.12162781
654800	4799440	-163.6268311
656200	4799440	-207.9750824
657600	4799440	-216.1073456
659000	4799440	-284.0437317
660400	4799440	-275.1902771
661800	4799440	-249.1205139
663200	4799440	-247.4748535
664600	4799440	-230.1519318
666000	4799440	-243.8721313
667400	4799440	-218.7693634
668800	4799440	-233.4647064
670200	4799440	-196.6984253
671600	4799440	-210.0505219
673000	4799440	-232.9210815
674400	4799440	-197.1583862
675800	4799440	-200.2371368
677200	4799440	-204.9185791
678600	4799440	-221.9904327
680000	4799440	-199.4560089
681400	4799440	-225.718811
682800	4799440	-202.8337708
684200	4799440	-158.3965149
685600	4799440	-140.4922333
687000	4799440	-100.7391434
688400	4799440	-87.57247162
689800	4799440	-107.0586243
691200	4799440	-148.1105194
692600	4799440	-144.3156281
694000	4799440	-221.6826935
695400	4799440	-127.1413116
696800	4799440	-205.7866669
698200	4799440	-156.2629395
699600	4799440	-203.5924225
701000	4799440	-224.9837189
702400	4799440	-150.3239288
703800	4799440	-154.0324707
705200	4799440	-213.9857178
706600	4799440	-212.2989655
708000	4799440	-210.9741669
709400	4799440	-207.1777344
710800	4799440	-187.2456512
712200	4799440	-164.9868469
713600	4799440	-155.0727997
715000	4799440	-126.7395935
716400	4799440	-80.65979004
717800	4799440	-29.27799225
719200	4799440	-7.84059906
625400	4800840	-14.31958199
626800	4800840	-82.00662231
628200	4800840	-260.1037292
629600	4800840	-380.3009033
631000	4800840	-253.131485
632400	4800840	-71.14904022
633800	4800840	109.2846603
635200	4800840	303.3829346
636600	4800840	127.7389221
638000	4800840	-94.51473236
639400	4800840	-161.9718475
640800	4800840	-139.8871155
642200	4800840	-75.69927979
643600	4800840	-93.34176636
645000	4800840	-120.8479538
646400	4800840	-166.6076202
647800	4800840	-41.35037613
649200	4800840	-133.7116699
650600	4800840	-156.7186279
652000	4800840	-108.5087814
653400	4800840	-128.6996307
654800	4800840	-138.893692
656200	4800840	-179.1545563
657600	4800840	-201.660202
659000	4800840	-220.9400177
660400	4800840	-265.4862061
661800	4800840	-231.3701782
663200	4800840	-211.3321991
664600	4800840	-200.1285706
666000	4800840	-221.3509369
667400	4800840	-194.6990356
668800	4800840	-196.4649658
670200	4800840	-174.5451202
671600	4800840	-221.3877411
673000	4800840	-215.2961121
674400	4800840	-173.7579498
675800	4800840	-147.833847
677200	4800840	-170.7418213
678600	4800840	-206.3735504
680000	4800840	-198.274353
681400	4800840	-203.6421356
682800	4800840	-158.5771179
684200	4800840	-102.9735947
685600	4800840	-96.61819458
687000	4800840	-124.1250458
688400	4800840	-136.6706696
689800	4800840	-111.6017075
691200	4800840	-159.1891022
692600	4800840	-145.2565918
694000	4800840	-199.4247742
695400	4800840	-157.7884674
696800	4800840	-198.7428436
698200	4800840	-175.3909302
699600	4800840	-202.7325592
701000	4800840	-146.7697601
702400	4800840	-195.2110748
703800	4800840	-205.9861298
705200	4800840	-202.9755096
706600	4800840	-200.6150208
708000	4800840	-187.3449554
709400	4800840	-159.5882721
710800	4800840	-152.7036285
712200	4800840	-146.8534546
713600	4800840	-141.3049011
715000	4800840	-115.3313751
716400	4800840	-66.92377472
717800	4800840	-24.2538414
719200	4800840	-11.1332798
625400	4802240	-7.886118412
626800	4802240	-15.12447929
628200	4802240	-32.86236954
629600	4802240	-87.86698151
631000	4802240	-162.5304108
632400	4802240	-130.2059937
633800	4802240	-56.10266113
635200	4802240	34.05849075
636600	4802240	-38.0850296
638000	4802240	-162.1389465
639400	4802240	-149.3879547
640800	4802240	-167.0704041
642200	4802240	-138.1135101
643600	4802240	-84.14466095
645000	4802240	-152.1906738
646400	4802240	-138.8848877
647800	4802240	-61.21087265
649200	4802240	-124.0904465
650600	4802240	-107.4266663
652000	4802240	-123.9059906
653400	4802240	-156.4601898
654800	4802240	-203.9725647
656200	4802240	-224.1337128
657600	4802240	-213.2242737
659000	4802240	-207.2188568
660400	4802240	-243.5754852
661800	4802240	-223.9594574
663200	4802240	-197.2160187
664600	4802240	-188.4750061
666000	4802240	-177.9024963
667400	4802240	-151.1370544
668800	4802240	-185.8363495
670200	4802240	-220.173233
671600	4802240	-199.1004944
673000	4802240	-163.8035126
674400	4802240	-138.8671112
675800	4802240	-141.9772034
677200	4802240	-169.3063812
678600	4802240	-194.5631561
680000	4802240	-193.8546295
681400	4802240	-148.4893341
682800	4802240	-91.44010925
684200	4802240	-72.86846924
685600	4802240	-86.78934479
687000	4802240	-123.0100632
688400	4802240	-155.3483124
689800	4802240	-88.43374634
691200	4802240	-132.8183594
692600	4802240	-150.04599
694000	4802240	-180.669693
695400	4802240	-192.4016571
696800	4802240	-191.175293
698200	4802240	-175.493515
699600	4802240	-125.0067368
701000	4802240	-157.683197
702400	4802240	-188.819397
703800	4802240	-185.20755
705200	4802240	-183.5625916
706600	4802240	-160.6849365
708000	4802240	-147.8579712
709400	4802240	-140.4634552
710800	4802240	-129.0215149
712200	4802240	-120.8902969
713600	4802240	-116.267601
715000	4802240	-91.77745056
716400	4802240	-56.21323395
717800	4802240	-20.85656357
719200	4802240	-7.443394661
625400	4803640	-10.67625618
626800	4803640	-47.61885834
628200	4803640	-123.0907745
629600	4803640	-178.7877502
631000	4803640	-174.8108063
632400	4803640	-149.0984802
633800	4803640	-121.4193649
635200	4803640	-87.48426819
636600	4803640	-65.25019836
638000	4803640	-112.7496414
639400	4803640	-140.0319824
640800	4803640	-185.2330627
642200	4803640	-127.6856079
643600	4803640	-147.65271
645000	4803640	-136.3139801
646400	4803640	-71.49303436
647800	4803640	-44.76953506
649200	4803640	-109.1024475
650600	4803640	-154.0118866
652000	4803640	-94.52817535
653400	4803640	-167.1397552
654800	4803640	-174.732666
656200	4803640	-186.1893158
657600	4803640	-197.9916382
659000	4803640	-196.6761169
660400	4803640	-224.0515442
661800	4803640	-181.7374725
663200	4803640	-160.1685944
664600	4803640	-134.6871796
666000	4803640	-192.3102875
667400	4803640	-184.0605164
668800	4803640	-196.5917664
670200	4803640	-157.3578186
671600	4803640	-138.3806458
673000	4803640	-137.0020294
674400	4803640	-137.8939819
675800	4803640	-169.7374573
677200	4803640	-184.4998932
678600	4803640	-167.1780701
680000	4803640	-108.3059845
681400	4803640	-98.17456055
682800	4803640	-45.23777008
684200	4803640	-103.002449
685600	4803640	-91.84785461
687000	4803640	-134.1757813
688400	4803640	-107.6149826
689800	4803640	-110.3222427
691200	4803640	-136.3650208
692600	4803640	-164.4052124
694000	4803640	-184.9775696
695400	4803640	-182.0888977
696800	4803640	-180.8609619
698200	4803640	-168.1123657
699600	4803640	-155.5624542
701000	4803640	-173.9393005
702400	4803640	-167.8675079
703800	4803640	-160.6452789
705200	4803640	-141.0255432
706600	4803640	-127.0171814
708000	4803640	-119.3772964
709400	4803640	-115.5962296
710800	4803640	-111.7307587
712200	4803640	-106.6278687
713600	4803640	-98.21059418
715000	4803640	-79.65311432
716400	4803640	-48.86261749
717800	4803640	-18.21147156
719200	4803640	-8.591658592
625400	4805040	-7.123565674
626800	4805040	-26.11532593
628200	4805040	-53.71325684
629600	4805040	-92.15529633
631000	4805040	-120.4573746
632400	4805040	-93.12237549
633800	4805040	-78.46911621
635200	4805040	-137.6457825
636600	4805040	-157.8189545
638000	4805040	-120.3364182
639400	4805040	-168.741333
640800	4805040	-160.278183
642200	4805040	-137.679657
643600	4805040	-133.9380951
645000	4805040	-78.35528564
646400	4805040	-87.16246033
647800	4805040	-131.1452179
649200	4805040	-135.1743317
650600	4805040	-171.0512238
652000	4805040	-123.6020737
653400	4805040	-151.02565
654800	4805040	-159.5884247
656200	4805040	-186.0511932
657600	4805040	-203.4690704
659000	4805040	-192.2779236
660400	4805040	-214.0645905
661800	4805040	-181.9051666
663200	4805040	-109.1312103
664600	4805040	-134.9763489
666000	4805040	-204.195282
667400	4805040	-183.6908264
668800	4805040	-167.2387695
670200	4805040	-156.2143555
671600	4805040	-150.9181671
673000	4805040	-165.9920807
674400	4805040	-160.9992065
675800	4805040	-151.9488831
677200	4805040	-127.3587646
678600	4805040	-112.5082245
680000	4805040	-84.68383026
681400	4805040	-77.75177765
682800	4805040	-111.3006744
684200	4805040	-55.30414963
685600	4805040	-96.37116241
687000	4805040	-87.33948517
688400	4805040	-85.83175659
689800	4805040	-119.5128021
691200	4805040	-137.7185974
692600	4805040	-162.5489197
694000	4805040	-167.6591034
695400	4805040	-164.7464142
696800	4805040	-159.9985809
698200	4805040	-165.9371796
699600	4805040	-160.2717896
701000	4805040	-154.5509491
702400	4805040	-134.0664215
703800	4805040	-107.3305054
705200	4805040	-97.84522247
706600	4805040	-107.589119
708000	4805040	-106.1946411
709400	4805040	-96.0799408
710800	4805040	-95.97281647
712200	4805040	-89.69655609
713600	4805040	-83.54957581
715000	4805040	-70.43937683
716400	4805040	-43.80578613
717800	4805040	-16.11964607
719200	4805040	-6.129001617
625400	4806440	-6.921548843
626800	4806440	-26.94368172
628200	4806440	-66.34484863
629600	4806440	-95.28193665
631000	4806440	-104.5410004
632400	4806440	-109.6565323
633800	4806440	-98.95133209
635200	4806440	-117.6092682
636600	4806440	-114.64431
638000	4806440	-59.47193527
639400	4806440	-112.1651154
640800	4806440	-88.14001465
642200	4806440	-74.83425903
643600	4806440	-121.4160004
645000	4806440	-82.08576202
646400	4806440	-67.87592316
647800	4806440	-175.9725952
649200	4806440	-128.1636658
650600	4806440	-98.20085144
652000	4806440	-137.9678497
653400	4806440	-155.291687
654800	4806440	-152.8559265
656200	4806440	-162.5574493
657600	4806440	-191.0698853
659000	4806440	-190.1220551
660400	4806440	-145.8031616
661800	4806440	-132.9192047
663200	4806440	-97.7047348
664600	4806440	-175.6168976
666000	4806440	-167.3952332
667400	4806440	-167.920166
668800	4806440	-157.9213257
670200	4806440	-150.7714081
671600	4806440	-136.1947327
673000	4806440	-106.4986725
674400	4806440	-75.33335876
675800	4806440	-87.19489288
677200	4806440	-84.58315277
678600	4806440	-43.16051102
680000	4806440	-75.61921692
681400	4806440	-93.2240448
682800	4806440	-69.89958954
684200	4806440	-65.4769516
685600	4806440	-114.9908142
687000	4806440	-102.5196228
688400	4806440	-110.6051712
689800	4806440	-104.8905258
691200	4806440	-125.9369736
692600	4806440	-147.6797028
694000	4806440	-147.7625732
695400	4806440	-144.8724518
696800	4806440	-142.3729858
698200	4806440	-141.2675629
699600	4806440	-135.2995758
701000	4806440	-106.8952408
702400	4806440	-81.28501129
703800	4806440	-34.95393753
705200	4806440	-70.61651611
706600	4806440	-93.90634155
708000	4806440	-86.76216888
709400	4806440	-80.68427277
710800	4806440	-78.25645447
712200	4806440	-76.92597961
713600	4806440	-61.08098602
715000	4806440	-53.76115799
716400	4806440	-37.25775528
717800	4806440	-14.39392471
719200	4806440	-5.946276665
625400	4807840	-5.433869362
626800	4807840	-23.36443329
628200	4807840	-56.9033432
629600	4807840	-88.87982178
631000	4807840	-105.2688522
632400	4807840	-102.290802
633800	4807840	-101.434494
635200	4807840	-78.73760986
636600	4807840	-95.76885223
638000	4807840	-102.5897751
639400	4807840	-102.9596329
640800	4807840	-142.7661438
642200	4807840	-84.03910828
643600	4807840	-111.448616
645000	4807840	-92.5561142
646400	4807840	-67.4788208
647800	4807840	-153.4919128
649200	4807840	-69.40091705
650600	4807840	-67.42182922
652000	4807840	-100.570282
653400	4807840	-96.05351257
654800	4807840	-158.0645599
656200	4807840	-171.4758453
657600	4807840	-142.6776276
659000	4807840	-128.0439453
660400	4807840	-134.7945709
661800	4807840	-123.250061
663200	4807840	-143.8753662
664600	4807840	-155.1581116
666000	4807840	-116.4304047
667400	4807840	-109.1668472
668800	4807840	-62.78932571
670200	4807840	-55.32354736
671600	4807840	-48.23049545
673000	4807840	-60.07604218
674400	4807840	-44.65549469
675800	4807840	-37.6737709
677200	4807840	-65.66882324
678600	4807840	-76.03409576
680000	4807840	-86.65918732
681400	4807840	-55.78383255
682800	4807840	-82.99682617
684200	4807840	-69.14053345
685600	4807840	-94.04512787
687000	4807840	-99.99291229
688400	4807840	-103.8387299
689800	4807840	-93.66374207
691200	4807840	-141.5221405
692600	4807840	-137.1614075
694000	4807840	-135.6606903
695400	4807840	-115.8626862
696800	4807840	-114.9729843
698200	4807840	-111.9945068
699600	4807840	-73.31710052
701000	4807840	-18.32254219
702400	4807840	2.254654646
703800	4807840	-8.157314301
705200	4807840	-71.41379547
706600	4807840	-74.06339264
708000	4807840	-68.96195984
709400	4807840	-65.18293762
710800	4807840	-64.84424591
712200	4807840	-57.50603485
713600	4807840	-40.58575439
715000	4807840	-32.42995834
716400	4807840	-21.82351112
717800	4807840	-8.11917305
719200	4807840	-4.358746529
625400	4809240	1.795655489
626800	4809240	2.212927103
628200	4809240	8.360224724
629600	4809240	-2.49013567
631000	4809240	-1.189269066
632400	4809240	-14.9383316
633800	4809240	-70.8239212
635200	4809240	-98.77620697
636600	4809240	-112.9405289
638000	4809240	-103.6432724
639400	4809240	-121.7485428
640800	4809240	-133.4238586
642200	4809240	-84.76676941
643600	4809240	-106.3494949
645000	4809240	-96.57874298
646400	4809240	-88.73053741
647800	4809240	-140.4351501
649200	4809240	-63.82712936
650600	4809240	-100.4682159
652000	4809240	-73.37537384
653400	4809240	-60.36005783
654800	4809240	-80.72846222
656200	4809240	-125.0356216
657600	4809240	-115.0561676
659000	4809240	-128.3045044
660400	4809240	-121.6644287
661800	4809240	-113.0759964
663200	4809240	-147.4139099
664600	4809240	-126.0974884
666000	4809240	-102.9381943
667400	4809240	-63.40745544
668800	4809240	-58.920681
670200	4809240	-54.81066132
671600	4809240	-20.22351646
673000	4809240	-0.228547603
674400	4809240	-42.83366013
675800	4809240	-83.33699036
677200	4809240	-67.71459198
678600	4809240	-45.5064888
680000	4809240	-40.95428467
681400	4809240	-54.68331528
682800	4809240	-79.73664093
684200	4809240	-95.17618561
685600	4809240	-82.53961945
687000	4809240	-74.03285217
688400	4809240	-97.19024658
689800	4809240	-121.6840134
691200	4809240	-126.4855423
692600	4809240	-108.1116562
694000	4809240	-98.24263
695400	4809240	-89.18013763
696800	4809240	-84.50078583
698200	4809240	-36.56176758
699600	4809240	5.582612991
701000	4809240	31.74069786
702400	4809240	37.85652924
703800	4809240	-18.94786453
705200	4809240	-60.86206055
706600	4809240	-54.61053085
708000	4809240	-52.82558441
709400	4809240	-56.46165848
710800	4809240	-39.2247467
712200	4809240	6.070955276
713600	4809240	31.82626534
715000	4809240	41.67844391
716400	4809240	31.38436508
717800	4809240	12.21805954
719200	4809240	2.206863642
625400	4810640	0.708068669
626800	4810640	1.268419623
628200	4810640	9.163841248
629600	4810640	29.25683403
631000	4810640	12.0895071
632400	4810640	-65.48895264
633800	4810640	-76.21976471
635200	4810640	-104.6169281
636600	4810640	-76.48762512
638000	4810640	-37.80368042
639400	4810640	-70.22566223
640800	4810640	-117.435318
642200	4810640	-104.7451553
643600	4810640	-95.8272171
645000	4810640	-61.92894745
646400	4810640	-51.13463211
647800	4810640	-54.24713135
649200	4810640	-69.69289398
650600	4810640	-32.93954849
652000	4810640	-54.53499603
653400	4810640	-48.2659874
654800	4810640	-37.90169525
656200	4810640	-77.10716248
657600	4810640	-102.1481705
659000	4810640	-92.99154663
660400	4810640	-75.81938934
661800	4810640	-92.93850708
663200	4810640	-126.0600433
664600	4810640	-95.28106689
666000	4810640	-53.8650322
667400	4810640	-50.65500641
668800	4810640	-51.00848007
670200	4810640	-19.79707336
671600	4810640	-8.370480537
673000	4810640	-3.015374422
674400	4810640	-56.38969803
675800	4810640	-66.40070343
677200	4810640	-54.17726898
678600	4810640	-27.79088974
680000	4810640	-47.67577362
681400	4810640	-75.03472137
682800	4810640	-91.47019196
684200	4810640	-66.83205414
685600	4810640	-67.17037201
687000	4810640	-99.29216003
688400	4810640	-100.8335953
689800	4810640	-99.6354599
691200	4810640	-82.71574402
692600	4810640	-74.07669067
694000	4810640	-71.17378235
695400	4810640	-62.72554016
696800	4810640	-29.88018417
698200	4810640	-15.19106388
699600	4810640	18.22496986
701000	4810640	54.55183029
702400	4810640	34.74388123
703800	4810640	-37.40507126
705200	4810640	-48.62375641
706600	4810640	-46.12015152
708000	4810640	-34.90675354
709400	4810640	-16.5006237
710800	4810640	25.46442223
712200	4810640	65.40167999
713600	4810640	80.57187653
715000	4810640	82.56074524
716400	4810640	57.31253052
717800	4810640	21.08047867
719200	4810640	2.465165138
625400	4812040	-2.440046072
626800	4812040	-23.908144
628200	4812040	-55.92839432
629600	4812040	-82.47055054
631000	4812040	-89.83432007
632400	4812040	-86.8571167
633800	4812040	-89.19010162
635200	4812040	-89.72068024
636600	4812040	-99.810112
638000	4812040	-108.1374359
639400	4812040	-58.59397125
640800	4812040	-84.71000671
642200	4812040	-76.53038788
643600	4812040	-38.55296707
645000	4812040	-77.06845856
646400	4812040	-109.7477798
647800	4812040	-89.87068176
649200	4812040	-81.38796997
650600	4812040	-85.33513641
652000	4812040	-77.29099274
653400	4812040	-72.06296539
654800	4812040	-74.75387573
656200	4812040	-103.2719269
657600	4812040	-80.78713226
659000	4812040	-70.29187775
660400	4812040	-104.9549713
661800	4812040	-104.4723129
663200	4812040	-106.2080688
664600	4812040	-22.0353756
666000	4812040	-25.03002357
667400	4812040	-10.95004177
668800	4812040	-52.08023453
670200	4812040	-16.15555573
671600	4812040	-11.7503252
673000	4812040	-28.14622688
674400	4812040	-35.14508438
675800	4812040	-4.711450577
677200	4812040	-18.80232811
678600	4812040	-59.27968216
680000	4812040	-41.2881546
681400	4812040	-53.77338791
682800	4812040	2.970115423
684200	4812040	-31.69261551
685600	4812040	-87.04653931
687000	4812040	-90.45861816
688400	4812040	-85.96496582
689800	4812040	-69.06087494
691200	4812040	-48.70689774
692600	4812040	-53.1019516
694000	4812040	-19.82830429
695400	4812040	-49.22984314
696800	4812040	-18.80620193
698200	4812040	40.39530945
699600	4812040	49.60010147
701000	4812040	58.80998611
702400	4812040	-14.24639034
703800	4812040	-26.61338997
705200	4812040	-28.79620361
706600	4812040	-22.11364365
708000	4812040	-9.178153992
709400	4812040	35.29276657
710800	4812040	65.53173828
712200	4812040	86.6578064
713600	4812040	88.7085495
715000	4812040	83.26934814
716400	4812040	59.15222549
717800	4812040	23.62939453
719200	4812040	0.918242753
625400	4813440	-2.28434968
626800	4813440	-19.05090904
628200	4813440	-49.61222839
629600	4813440	-72.06201172
631000	4813440	-89.58106232
632400	4813440	-90.01046753
633800	4813440	-83.35251617
635200	4813440	-63.47060776
636600	4813440	-72.54918671
638000	4813440	-87.24098206
639400	4813440	-87.92529297
640800	4813440	-54.03515244
642200	4813440	-62.80115891
643600	4813440	-67.13295746
645000	4813440	-43.4908905
646400	4813440	-41.59430313
647800	4813440	-65.79624939
649200	4813440	-96.64276886
650600	4813440	-97.26196289
652000	4813440	-79.63852692
653400	4813440	-107.7270126
654800	4813440	-52.28133392
656200	4813440	-14.43785381
657600	4813440	-19.98956299
659000	4813440	-58.32155991
660400	4813440	-85.93668365
661800	4813440	-104.8638992
663200	4813440	-70.0774765
664600	4813440	-31.41090202
666000	4813440	-18.53672981
667400	4813440	-31.34319878
668800	4813440	-51.98506546
670200	4813440	-1.856674075
671600	4813440	6.196856976
673000	4813440	-17.36788177
674400	4813440	8.517954826
675800	4813440	-2.047578573
677200	4813440	-28.12441826
678600	4813440	-55.58597946
680000	4813440	-23.16202545
681400	4813440	-9.664768219
682800	4813440	-2.427734375
684200	4813440	-73.29561615
685600	4813440	-73.55530548
687000	4813440	-69.96663666
688400	4813440	-42.75694275
689800	4813440	-18.46119499
691200	4813440	-22.73951149
692600	4813440	-15.14263058
694000	4813440	4.793591022
695400	4813440	5.232589722
696800	4813440	13.50464249
698200	4813440	43.49893951
699600	4813440	49.16657639
701000	4813440	-2.011476278
702400	4813440	-8.605894089
703800	4813440	-9.072871208
705200	4813440	-19.64559174
706600	4813440	1.988216758
708000	4813440	33.4172821
709400	4813440	54.11772537
710800	4813440	99.15013885
712200	4813440	74.09647369
713600	4813440	72.44980621
715000	4813440	76.72671509
716400	4813440	40.2020874
717800	4813440	16.09975433
719200	4813440	0.259897649
625400	4814840	-0.497601897
626800	4814840	-6.944561481
628200	4814840	-6.463998318
629600	4814840	-2.367553473
631000	4814840	-5.063367844
632400	4814840	-57.20172882
633800	4814840	-55.05197525
635200	4814840	-55.38482285
636600	4814840	-45.0200119
638000	4814840	-52.90428925
639400	4814840	-83.36759186
640800	4814840	-76.22213745
642200	4814840	-27.87565422
643600	4814840	-6.993945122
645000	4814840	-2.344939709
646400	4814840	7.323757172
647800	4814840	-27.33889771
649200	4814840	-24.02428055
650600	4814840	-52.27977753
652000	4814840	-39.30131149
653400	4814840	-51.11826324
654800	4814840	-34.4691391
656200	4814840	-26.06814957
657600	4814840	-38.5802002
659000	4814840	-59.01425552
660400	4814840	-86.54647064
661800	4814840	-90.73388672
663200	4814840	-72.02915192
664600	4814840	-74.94927979
666000	4814840	-51.43519592
667400	4814840	-65.18122864
668800	4814840	-48.3965416
670200	4814840	-15.91683197
671600	4814840	-14.98877335
673000	4814840	7.025565624
674400	4814840	35.09549332
675800	4814840	16.42275047
677200	4814840	-34.35571671
678600	4814840	-47.04700089
680000	4814840	-28.91169548
681400	4814840	-16.32394028
682800	4814840	-54.81135559
684200	4814840	-57.03424454
685600	4814840	-40.05234528
687000	4814840	-22.14048576
688400	4814840	-8.833330154
689800	4814840	37.3823967
691200	4814840	69.77532959
692600	4814840	63.38365173
694000	4814840	43.72053909
695400	4814840	31.01233673
696800	4814840	21.85119247
698200	4814840	25.02426147
699600	4814840	19.31738472
701000	4814840	6.404501438
702400	4814840	6.973138809
703800	4814840	7.65582037
705200	4814840	14.30778599
706600	4814840	22.98836136
708000	4814840	68.09337616
709400	4814840	83.92324066
710800	4814840	86.0191803
712200	4814840	63.35516739
713600	4814840	63.89012527
715000	4814840	41.39917374
716400	4814840	25.02322197
717800	4814840	8.659846306
719200	4814840	0.657708406
625400	4816240	-3.109310389
626800	4816240	-14.94456673
628200	4816240	-32.49178696
629600	4816240	-69.21154022
631000	4816240	-76.47679138
632400	4816240	-34.60237122
633800	4816240	-26.95995712
635200	4816240	-58.4450798
636600	4816240	-44.93525696
638000	4816240	-33.1713562
639400	4816240	-37.38995361
640800	4816240	-49.31531906
642200	4816240	-19.83111763
643600	4816240	-11.93958569
645000	4816240	62.80935669
646400	4816240	44.00056076
647800	4816240	-10.74902344
649200	4816240	-16.98091888
650600	4816240	-73.01339722
652000	4816240	-64.79682922
653400	4816240	2.589963913
654800	4816240	3.288041592
656200	4816240	-24.08165932
657600	4816240	-47.76993561
659000	4816240	-59.12290573
660400	4816240	-73.63857269
661800	4816240	-65.37359619
663200	4816240	-43.88266754
664600	4816240	-12.15145683
666000	4816240	-13.67148018
667400	4816240	-7.878950596
668800	4816240	4.359333992
670200	4816240	9.235085487
671600	4816240	31.4900856
673000	4816240	23.41843414
674400	4816240	20.1348381
675800	4816240	24.22051048
677200	4816240	-29.72769737
678600	4816240	9.282888412
680000	4816240	-12.38088894
681400	4816240	-30.33401871
682800	4816240	-28.83873749
684200	4816240	-25.55418015
685600	4816240	-3.633003473
687000	4816240	4.594973564
688400	4816240	31.00541496
689800	4816240	76.64599609
691200	4816240	91.70597076
692600	4816240	64.50218964
694000	4816240	20.87871933
695400	4816240	26.74586487
696800	4816240	24.97748184
698200	4816240	22.92284393
699600	4816240	23.8586998
701000	4816240	23.82577324
702400	4816240	15.52604866
703800	4816240	13.77962303
705200	4816240	32.57219696
706600	4816240	78.54197693
708000	4816240	107.4573669
709400	4816240	72.4651947
710800	4816240	116.9992905
712200	4816240	60.44317245
713600	4816240	37.63334656
715000	4816240	51.67417526
716400	4816240	10.63496399
717800	4816240	3.893148184
719200	4816240	-1.225129843
625400	4817640	-1.054659486
626800	4817640	-7.587516785
628200	4817640	-18.73300934
629600	4817640	-28.88687134
631000	4817640	-30.33581352
632400	4817640	-43.53382111
633800	4817640	-43.01930237
635200	4817640	-44.51018143
636600	4817640	-47.48694229
638000	4817640	-49.41244125
639400	4817640	-51.74604034
640800	4817640	-27.88231468
642200	4817640	-12.46546364
643600	4817640	-9.809630394
645000	4817640	42.76234436
646400	4817640	-24.66349411
647800	4817640	-53.51556778
649200	4817640	-52.77031326
650600	4817640	-56.53694916
652000	4817640	-2.316727877
653400	4817640	13.56505394
654800	4817640	4.658182144
656200	4817640	-20.62061501
657600	4817640	-28.67707825
659000	4817640	-22.82689285
660400	4817640	-41.4100914
661800	4817640	15.97877121
663200	4817640	19.23188782
664600	4817640	32.39065933
666000	4817640	49.29403687
667400	4817640	55.45000458
668800	4817640	64.66431427
670200	4817640	50.12481689
671600	4817640	75.00325012
673000	4817640	29.81409454
674400	4817640	21.87347031
675800	4817640	-6.281487465
677200	4817640	14.32989025
678600	4817640	-13.56255531
680000	4817640	1.217393517
681400	4817640	-3.758021116
682800	4817640	49.13089752
684200	4817640	27.82821274
685600	4817640	21.89555359
687000	4817640	71.64091492
688400	4817640	103.1068344
689800	4817640	73.42653656
691200	4817640	63.13221741
692600	4817640	36.8349762
694000	4817640	32.84251022
695400	4817640	33.59877777
696800	4817640	37.25175095
698200	4817640	39.61157227
699600	4817640	39.44229507
701000	4817640	37.52716827
702400	4817640	14.67193031
703800	4817640	46.28651428
705200	4817640	94.33853149
706600	4817640	135.7434845
708000	4817640	108.8470535
709400	4817640	92.58798218
710800	4817640	107.6177216
712200	4817640	45.61925125
713600	4817640	61.9370079
715000	4817640	52.83408356
716400	4817640	8.119858742
717800	4817640	7.072245121
719200	4817640	0.076884881
625400	4819040	3.598861694
626800	4819040	13.75166512
628200	4819040	37.58647537
629600	4819040	63.6441803
631000	4819040	52.68399048
632400	4819040	-14.67554188
633800	4819040	-22.74383354
635200	4819040	-26.24931335
636600	4819040	-27.02718353
638000	4819040	-27.76221848
639400	4819040	-26.61745644
640800	4819040	-26.30350876
642200	4819040	-38.8601532
643600	4819040	-13.60696793
645000	4819040	28.80461311
646400	4819040	65.24711609
647800	4819040	-26.01688004
649200	4819040	-24.13142967
650600	4819040	-6.970211506
652000	4819040	26.5495472
653400	4819040	30.37843132
654800	4819040	7.64046669
656200	4819040	-15.00840378
657600	4819040	-8.317706108
659000	4819040	-32.7532692
660400	4819040	-16.31385231
661800	4819040	48.05825424
663200	4819040	68.04779053
664600	4819040	77.9754715
666000	4819040	64.02772522
667400	4819040	13.79085732
668800	4819040	6.394269466
670200	4819040	21.11403084
671600	4819040	-10.8478651
673000	4819040	8.640632629
674400	4819040	14.12535477
675800	4819040	9.191504478
677200	4819040	15.15280437
678600	4819040	37.10871887
680000	4819040	39.24119568
681400	4819040	38.13592148
682800	4819040	64.50839233
684200	4819040	100.597374
685600	4819040	86.23929596
687000	4819040	107.2999954
688400	4819040	76.32965088
689800	4819040	53.23826218
691200	4819040	43.1595993
692600	4819040	49.10792542
694000	4819040	53.29755783
695400	4819040	50.45305634
696800	4819040	44.50463486
698200	4819040	47.46660614
699600	4819040	30.44601822
701000	4819040	36.94364166
702400	4819040	87.64881897
703800	4819040	76.01413727
705200	4819040	122.9362869
706600	4819040	123.0469971
708000	4819040	68.00909424
709400	4819040	118.3053513
710800	4819040	66.59252167
712200	4819040	77.47750092
713600	4819040	81.55466461
715000	4819040	39.80498505
716400	4819040	43.21765518
717800	4819040	12.46687126
719200	4819040	3.568944454
625400	4820440	6.514605999
626800	4820440	27.60497093
628200	4820440	66.91254425
629600	4820440	103.9948273
631000	4820440	97.83495331
632400	4820440	15.28963566
633800	4820440	0.532395065
635200	4820440	0.130630329
636600	4820440	-4.422446728
638000	4820440	15.21922779
639400	4820440	3.573616505
640800	4820440	-10.96221924
642200	4820440	-13.90334988
643600	4820440	-10.50317192
645000	4820440	2.110919952
646400	4820440	8.054367065
647800	4820440	-13.52859783
649200	4820440	-4.889840126
650600	4820440	10.5487175
652000	4820440	38.35282135
653400	4820440	36.30248642
654800	4820440	18.87694931
656200	4820440	5.258819103
657600	4820440	-7.264046669
659000	4820440	-9.037038803
660400	4820440	26.61188126
661800	4820440	72.65848541
663200	4820440	87.37130737
664600	4820440	34.5045166
666000	4820440	67.44174194
667400	4820440	28.54105949
668800	4820440	7.442516327
670200	4820440	-6.746321201
671600	4820440	25.082201
673000	4820440	40.87232971
674400	4820440	19.01594162
675800	4820440	38.26187515
677200	4820440	58.08380508
678600	4820440	64.35336304
680000	4820440	82.60175323
681400	4820440	94.02155304
682800	4820440	111.8349075
684200	4820440	88.20978546
685600	4820440	119.0550232
687000	4820440	100.4621506
688400	4820440	67.88671875
689800	4820440	59.56385422
691200	4820440	59.77120209
692600	4820440	60.80296707
694000	4820440	64.71059418
695400	4820440	62.22215271
696800	4820440	38.28570938
698200	4820440	39.27836227
699600	4820440	55.07947159
701000	4820440	79.95783234
702400	4820440	113.2113037
703800	4820440	130.944809
705200	4820440	108.2295074
706600	4820440	82.24907684
708000	4820440	64.8431015
709400	4820440	86.71092224
710800	4820440	74.60018158
712200	4820440	100.072403
713600	4820440	93.75166321
715000	4820440	87.01612091
716400	4820440	57.88014984
717800	4820440	20.48426628
719200	4820440	6.184096813
625400	4821840	7.566281319
626800	4821840	30.43801498
628200	4821840	73.72575378
629600	4821840	117.4093323
631000	4821840	104.4918365
632400	4821840	28.49802589
633800	4821840	6.244123936
635200	4821840	8.969964027
636600	4821840	11.28688049
638000	4821840	16.84919357
639400	4821840	6.60005331
640800	4821840	-1.303398252
642200	4821840	-4.853970051
643600	4821840	2.265181065
645000	4821840	4.895965099
646400	4821840	30.49524879
647800	4821840	-2.753893852
649200	4821840	9.544979095
650600	4821840	30.34322357
652000	4821840	51.23918915
653400	4821840	56.65829849
654800	4821840	26.98637772
656200	4821840	14.54497719
657600	4821840	-8.270816803
659000	4821840	-8.72892952
660400	4821840	44.53033447
661800	4821840	69.95230865
663200	4821840	85.1078186
664600	4821840	14.28743267
666000	4821840	52.25246429
667400	4821840	58.11847305
668800	4821840	26.44432831
670200	4821840	19.18561745
671600	4821840	27.02515411
673000	4821840	36.09947968
674400	4821840	22.30357933
675800	4821840	48.87438202
677200	4821840	70.85127258
678600	4821840	50.58119965
680000	4821840	76.03556824
681400	4821840	94.09211731
682800	4821840	101.9848328
684200	4821840	95.17299652
685600	4821840	122.6486969
687000	4821840	118.7681808
688400	4821840	80.4220047
689800	4821840	61.66721725
691200	4821840	63.0112915
692600	4821840	76.63249969
694000	4821840	60.84875107
695400	4821840	63.31704712
696800	4821840	40.31707382
698200	4821840	42.30661011
699600	4821840	54.57830811
701000	4821840	83.90164948
702400	4821840	104.7792206
703800	4821840	145.2662659
705200	4821840	115.1096649
706600	4821840	66.6010437
708000	4821840	72.53481293
709400	4821840	81.75404358
710800	4821840	60.64112091
712200	4821840	104.7171326
713600	4821840	117.5007782
715000	4821840	79.75444794
716400	4821840	56.49507523
717800	4821840	21.81069946
719200	4821840	6.845094681
625400	4823240	6.212947845
626800	4823240	20.25457382
628200	4823240	49.1576004
629600	4823240	44.9809494
631000	4823240	66.2130127
632400	4823240	31.4372654
633800	4823240	2.309573174
635200	4823240	31.46414566
636600	4823240	-0.269537181
638000	4823240	6.664671898
639400	4823240	0.721214294
640800	4823240	28.37969208
642200	4823240	29.77558708
643600	4823240	9.688653946
645000	4823240	6.328532219
646400	4823240	-12.96876907
647800	4823240	-9.199602127
649200	4823240	16.63799286
650600	4823240	25.21835327
652000	4823240	48.21467209
653400	4823240	31.98174667
654800	4823240	42.77558136
656200	4823240	27.72655296
657600	4823240	22.78804016
659000	4823240	20.39212418
660400	4823240	46.50075912
661800	4823240	64.55440521
663200	4823240	66.4446106
664600	4823240	-10.61354923
666000	4823240	35.25862122
667400	4823240	2.200831413
668800	4823240	16.64254761
670200	4823240	-0.483894497
671600	4823240	-3.397243977
673000	4823240	13.52603626
674400	4823240	-2.57781601
675800	4823240	33.55794907
677200	4823240	41.82273865
678600	4823240	56.51449203
680000	4823240	54.87810516
681400	4823240	85.82411957
682800	4823240	62.81435394
684200	4823240	74.63328552
685600	4823240	129.3039856
687000	4823240	76.78320313
688400	4823240	32.55088043
689800	4823240	40.74918747
691200	4823240	59.14082718
692600	4823240	70.12678528
694000	4823240	60.87747955
695400	4823240	32.11603546
696800	4823240	33.46888733
698200	4823240	56.87759781
699600	4823240	67.66725159
701000	4823240	106.463974
702400	4823240	145.1091003
703800	4823240	137.3275299
705200	4823240	102.3439331
706600	4823240	61.59326935
708000	4823240	45.5195961
709400	4823240	43.32094955
710800	4823240	36.14583206
712200	4823240	103.8147049
713600	4823240	113.7151947
715000	4823240	132.6080017
716400	4823240	79.54249573
717800	4823240	28.80178261
719200	4823240	6.765636444
